[gd_scene load_steps=14 format=3 uid="uid://cb2r105nqmjnr"]

[ext_resource type="Material" uid="uid://c57ycd54txcqv" path="res://Materials/floor_dark.tres" id="1_jwrac"]
[ext_resource type="PackedScene" uid="uid://pwytv1htyylm" path="res://Components/ContainerBox/ContainerBox.tscn" id="1_nv32g"]
[ext_resource type="PackedScene" uid="uid://b338qhshxv8rp" path="res://Components/GameManager.tscn" id="2_6gx0o"]
[ext_resource type="PackedScene" uid="uid://vu8lwtm68c6t" path="res://Components/Camera/AppCamera.tscn" id="2_m4467"]
[ext_resource type="PackedScene" uid="uid://cwdi2sajlnasl" path="res://Components/Tools/ContainerTool.tscn" id="5_j4oy4"]
[ext_resource type="PackedScene" uid="uid://8gugo5myjv76" path="res://Components/Tools/CursorTool.tscn" id="5_xtub2"]
[ext_resource type="PackedScene" uid="uid://bs77k25nidf2y" path="res://Components/Tools/TextTool.tscn" id="7_sgprb"]

[sub_resource type="ProceduralSkyMaterial" id="ProceduralSkyMaterial_p60a6"]
sky_top_color = Color(0.411765, 0.482353, 0.584314, 1)
sky_horizon_color = Color(0.701961, 0.703921, 0.711765, 1)
ground_bottom_color = Color(0.301961, 0.301961, 0.301961, 1)
ground_horizon_color = Color(0.701961, 0.703921, 0.711765, 1)

[sub_resource type="Sky" id="Sky_f35ay"]
sky_material = SubResource("ProceduralSkyMaterial_p60a6")

[sub_resource type="Environment" id="Environment_ldxxl"]
background_mode = 2
sky = SubResource("Sky_f35ay")

[sub_resource type="PlaneMesh" id="PlaneMesh_yinng"]
material = ExtResource("1_jwrac")
size = Vector2(100, 100)

[sub_resource type="BoxShape3D" id="BoxShape3D_beqyu"]
size = Vector3(100, 0.00944167, 100)

[sub_resource type="BoxMesh" id="BoxMesh_n7etl"]
size = Vector3(0.2, 0.2, 0.2)

[node name="flowchart_scene" type="Node3D"]

[node name="WorldEnvironment" type="WorldEnvironment" parent="."]
environment = SubResource("Environment_ldxxl")

[node name="Floor" type="MeshInstance3D" parent="."]
transform = Transform3D(0.951726, 0, 0, 0, 0.601, 0, 0, 0, 0.601, 5.17266, 0.0981226, 0.409219)
mesh = SubResource("PlaneMesh_yinng")

[node name="StaticBody3D" type="StaticBody3D" parent="Floor"]
collision_layer = 2
collision_mask = 3

[node name="CollisionShape3D" type="CollisionShape3D" parent="Floor/StaticBody3D"]
transform = Transform3D(1, 0, 0, 0, 1, 0, 0, 0, 1, 0, -0.00306225, 0)
shape = SubResource("BoxShape3D_beqyu")

[node name="DirectionalLight3D" type="DirectionalLight3D" parent="."]
transform = Transform3D(0.614835, 0.46181, -0.639304, 0.181361, 0.706107, 0.684486, 0.767519, -0.536791, 0.350385, -3.11844, 4.31145, 3.83666)
light_energy = 1.254

[node name="ContainerBox" parent="." instance=ExtResource("1_nv32g")]

[node name="ContainerBox2" parent="." instance=ExtResource("1_nv32g")]
transform = Transform3D(1, 0, 0, 0, 1, 0, 0, 0, 1, 9.44509, 0, -2.52348)

[node name="AppManager" parent="." node_paths=PackedStringArray("ground_plane", "camera") instance=ExtResource("2_6gx0o")]
ground_plane = NodePath("../Floor")
camera = NodePath("../AppCamera")

[node name="SpotLight3D" type="SpotLight3D" parent="."]
transform = Transform3D(0.999256, -0.00848121, -0.0376174, 0.0369439, -0.0690301, 0.99693, -0.0110519, -0.997579, -0.0686654, 0.982482, 9.09849, -0.131702)
light_energy = 1.495
spot_range = 15.0
spot_angle = 32.3512

[node name="Test box" type="MeshInstance3D" parent="."]
transform = Transform3D(1, 0, 0, 0, 1, 0, 0, 0, 1, 7.706, 0.684, -1.92)
mesh = SubResource("BoxMesh_n7etl")

[node name="AppCamera" parent="." instance=ExtResource("2_m4467")]
transform = Transform3D(0.972881, 0.174686, -0.151617, 0, 0.655479, 0.755213, 0.231306, -0.734733, 0.637703, 0, 10.3716, 8.52658)

[node name="UI" type="Control" parent="."]
layout_mode = 3
anchors_preset = 15
anchor_right = 1.0
anchor_bottom = 1.0
grow_horizontal = 2
grow_vertical = 2
mouse_filter = 2

[node name="VFlowContainer" type="VBoxContainer" parent="UI"]
layout_mode = 2
offset_right = 65.0
offset_bottom = 335.0

[node name="CursorTool" parent="UI/VFlowContainer" instance=ExtResource("5_xtub2")]
layout_mode = 2

[node name="ContainerTool" parent="UI/VFlowContainer" instance=ExtResource("5_j4oy4")]
layout_mode = 2
size_flags_vertical = 0

[node name="TextTool" parent="UI/VFlowContainer" instance=ExtResource("7_sgprb")]
layout_mode = 2
